DEPARTAMENTO,2018,2019,2020,2021,2022,2023,TOTAL
AMAZONAS,76573,78065,79583,80865,81996,83087,480169
ANTIOQUIA,6407149,6518070,6642072,6721140,6777249,6826125,39891805
ARAUCA,262177,266031,270495,273137,274806,276240,1622886
"ARCHIPIÉLAGO DE SAN ANDRÉS, PROVIDENCIA Y SANTA CATALINA",61284,61679,62127,62573,62801,63007,373471
ATLÁNTICO,2535506,2608908,2693388,2741296,2774009,2805401,16158508
"BOGOTÁ, D.C.",7391056,7533202,7717564,7804920,7849206,7883928,46179876
BOLÍVAR,2070083,2108412,2151461,2177352,2195275,2210979,12913562
BOYACÁ,1218755,1233430,1248977,1260227,1268367,1275286,7505042
CALDAS,998249,1011586,1025648,1035206,1041232,1044570,6156491
CAQUETÁ,402085,406111,410567,414947,418724,422271,2474705
CASANARE,420511,430549,441510,449378,455615,461462,2659025
CAUCA,1464502,1487377,1510904,1531934,1549859,1565745,9110321
CESAR,1200589,1251175,1307763,1347446,1379279,1410147,7896399
CHOCÓ,534807,545320,555787,564382,572258,579442,3351996
CUNDINAMARCA,2939840,3052321,3157942,3242668,3316583,3388483,19097837
CÓRDOBA,1784754,1821239,1859810,1890862,1917742,1943751,11218158
GUAINÍA,48081,49948,51772,53485,55129,56697,315112
GUAVIARE,82768,83138,83574,83885,84107,84318,501790
HUILA,1100364,1117786,1135396,1151482,1166143,1179882,6851053
LA GUAJIRA,880552,918062,959829,986573,1007580,1027914,5780510
MAGDALENA,1341797,1384062,1432692,1463123,1485394,1506027,8613095
META,1039701,1062355,1087196,1104559,1118349,1131202,6543362
NARIÑO,1630598,1645708,1661044,1673585,1684282,1694158,9989375
NORTE DE SANTANDER,1491720,1545342,1607917,1640270,1659814,1678058,9623121
PUTUMAYO,348167,355117,362162,368423,374360,379921,2188150
QUINDÍO,539918,544109,548659,552571,554581,555120,3294958
RISARALDA,943393,956212,969801,979983,986996,991338,5827723
SANTANDER,2184132,2232284,2287806,2319558,2341058,2360567,13725405
SUCRE,904850,928362,953654,972704,988782,1004176,5752528
TOLIMA,1330184,1341138,1352773,1361747,1368345,1373558,8127745
VALLE DEL CAUCA,4475873,4533931,4598318,4636501,4658811,4673395,27576829
VAUPÉS,40774,41448,42135,42641,43009,43383,253390
VICHADA,107702,114049,120464,126214,131824,137429,737682
